21
40
1468
3501
6369
7759
7868
7929
8000
8334
8387
8410
8458
8480
8523
8565
8635
8743
8753
8856
8914
8957
9029
9107
9375
9543
9652
9775
10302
10362
10415
10567
10676
10836
10973
10982
11010
11039
11164
11294
11426
11562
11610
11730
11741
11768
11845
11863
12013
12038
12069
12698
12730
12948
13171
13428
13721
13811
13939
14254
14388
14391
14630
14632
14637
15249
15264
15358
15784
16135
16240
16390
16711
17051
17415
17454
17544
17702
18191
18461
18649
18800
18801
18813
18844
18860
18909
18953
18979
19272
19323
19374
19416
19421
19536
19714
19777
19799
19807
19810
20353
20477
20650
20854
21017
21242
21280
21283
21422
21432
21715
22254
22354
22445
22527
22560
22642
22810
23112
23149
23222
23245
23257
23361
23380
23398
23416
23463
23494
23503
23587
23717
23861
23876
23882
23889
24101
24181
24395
24427
24585
24634
24819
24962
24967
24969
24973
25030
25073
25120
25190
25275
25503
25520
25537
25564
25644
25885
25977
26110
26143
26264
26335
26576
26591
26651
26852
27018
27081
27278
27485
27664
27677
27690
27899
27952
27959
27993
28073
28217
28551
28726
28793
29095
29237
29344
29467
29687
29894
30006
30094
30191
30236
30535
31322
31831
31913
31986
32029
32037
32209
32510
32537
32748
32832
32847
32887
32936
33107
33471
34450
34705
34767
34780
34876
34933
35195
35213
35314
35974
35982
36024
36313
36314
36717
36881
36940
36985
37096
37164
37275
37628
37726
37742
37846
37869
38000
38001
38085
38139
38140
38377
38531
38720
38789
38820
38919
39176
39339
39379
39396
39478
39489
39505
39635
39676
39698
39703
39724
39748
39749
39857
39888
40126
40188
40261
40334
40367
40473
40574
40633
40656
40731
40793
40811
41032
41251
41325
41412
41519
41523
41589
41591
41603
41881
42003
42122
42156
42368
42447
42497
42520
42543
42669
42739
42742
42755
42798
42799
42867
42939
43001
43097
43101
43104
43461
43541
43632
43636
43713
43720
43763
44108
44211
45037
45690
45774
45870
46029
46799
46858
47052
47202
47534
47571
47924
48052
48077
48374
48494
48623
48761
49481
49708
50500
50779
51041
51187
51194
51285
51320
51797
52104
52645
52680
52990
53207
53330
53500
53699
53780
54057
54159
54309
54378
54419
54469
54568
54602
54639
54691
54722
54764
54805
54838
54854
54901
54933
55054
55070
55119
55121
55151
55198
55200
55203
55215
55229
55255
55272
55273
55279
55289
55292
55307
55311
55348
55402
55406
55423
55436
56593
56632
56635
56665
56708
56829
56852
56910
56911
56913
56930
57081
57195
57271
57286
57367
57424
57464
57560
57575
57585
57842
57881
57943
58002
58064
58126
58179
58274
58318
58371
58400
58422
58423
58429
58480
58507
58511
58516
58546
58589
58633
58704
58713
58716
58974
58990
59009
59091
59107
59109
59144
59187
59214
59217
59220
59235
59276
59293
59361
59373
59420
59430
59438
59446
59866
60391
60971
61010
61048
61069
61073
61076
61077
61090
61108
61124
61149
61162
61173
61178
61186
61191
61192
61197
61204
61205
61213
61220
61223
61224
61242
61259
61263
61266
61270
61279
61284
61288
61302
61313
61314
61315
61316
61319
61328
61332
61359
61360
61906
61929
61941
61992
62046
64769
64983
65112
65313
65379
65422
65530
65573
65979
66146
66247
66408
66580
66581
67615
67627
67628
67754
67912
67951
68151
68181
68185
69124
69319
69379
69492
69527
70730
71650
72900
73271
73272
73350
73471
73662
73753
74810
75060
75108
75792
76060
76112
76444
76451
76491
76791
76841
76868
76963
77065
77183
77402
77404
77446
77482
77685
77772
77784
77862
77867
77878
78083
78102
78157
78166
78172
78182
78267
78562
78709
78737
78765
78890
78901
79169
79187
79411
79416
79503
79595
79646
79652
79666
79714
79830
79880
79909
79939
79960
79969
79996
80018
80032
80048
80110
80138
80163
80182
80184
80661
80669
80798
80804
80860
80891
80970
81257
81352
81386
81456
81625
81659
81711
82518
82591
82594
82643
82653
82721
82767
82822
82874
82904
82935
82982
82989
83102
83108
